Size, Seq, Par, Libc
58789, 0.009851, 0.064294, 0.010234
874387, 0.178877, 0.072650, 0.189530
968298, 0.206700, 0.077494, 0.217554
445591, 0.090569, 0.074345, 0.093077
829006, 0.168883, 0.074582, 0.175417
770830, 0.159411, 0.089586, 0.172404
341884, 0.065323, 0.061408, 0.071111
493221, 0.102869, 0.069982, 0.105955
448218, 0.088220, 0.075046, 0.095774
885159, 0.180360, 0.067811, 0.191787
653101, 0.134161, 0.092917, 0.137205
215806, 0.040005, 0.062546, 0.042304
903311, 0.195270, 0.081468, 0.196603
443732, 0.087352, 0.063946, 0.091437
409325, 0.081412, 0.070615, 0.085262
589250, 0.120392, 0.092648, 0.129290
750265, 0.157167, 0.089731, 0.160118
192936, 0.036081, 0.055840, 0.037496
803013, 0.176015, 0.084303, 0.177647
102041, 0.018298, 0.062245, 0.019017
52887, 0.008816, 0.064677, 0.009321
816841, 0.169569, 0.075513, 0.174854
531455, 0.105382, 0.068036, 0.111681
237664, 0.046259, 0.084461, 0.048022
866128, 0.186029, 0.095614, 0.192656
279870, 0.053801, 0.071928, 0.060235
196695, 0.037040, 0.085426, 0.038798
134492, 0.028583, 0.070228, 0.030436
148809, 0.031759, 0.079047, 0.030234
585794, 0.129723, 0.074957, 0.142873
961721, 0.216227, 0.093290, 0.211112
507707, 0.099963, 0.088709, 0.106054
308995, 0.058526, 0.069901, 0.064077
857089, 0.186807, 0.147884, 0.195309
510668, 0.104260, 0.094938, 0.113906
757179, 0.178312, 0.091497, 0.166769
445619, 0.090216, 0.079347, 0.097726
711389, 0.154438, 0.062997, 0.152567
191561, 0.036550, 0.070360, 0.039023
603397, 0.129494, 0.071731, 0.137468
738637, 0.148868, 0.080096, 0.161596
938021, 0.196832, 0.079501, 0.201758
944483, 0.190950, 0.080608, 0.208843
38358, 0.006781, 0.072343, 0.006427
905354, 0.189187, 0.072756, 0.194854
147668, 0.026545, 0.079231, 0.028520
409843, 0.082776, 0.089750, 0.090643
718654, 0.151222, 0.070752, 0.163656
978464, 0.200217, 0.081674, 0.210581
117808, 0.020823, 0.048411, 0.021775
331974, 0.064334, 0.067662, 0.071400
600855, 0.122357, 0.071589, 0.125995
710744, 0.150407, 0.080103, 0.150398
830538, 0.178255, 0.085141, 0.189311
521534, 0.105373, 0.069776, 0.124521
205784, 0.038192, 0.060460, 0.043995
128261, 0.025471, 0.073884, 0.024101
980028, 0.201660, 0.080867, 0.217641
16590, 0.002486, 0.035024, 0.002574
950838, 0.199769, 0.088004, 0.202497
463565, 0.090572, 0.082140, 0.097167
946185, 0.208424, 0.137130, 0.977382
695255, 0.678397, 0.080496, 0.523669
467842, 0.114959, 0.065618, 0.137082
221317, 0.043097, 0.064679, 0.105777
267666, 0.071936, 0.074338, 0.072295
846300, 0.222122, 0.095223, 0.705384
61206, 0.015261, 0.041212, 0.014674
717011, 0.224827, 0.069814, 0.196143
553343, 0.117668, 0.065537, 0.127718
536558, 0.105761, 0.072990, 0.109852
896046, 0.184057, 0.076898, 0.193902
276195, 0.052171, 0.051471, 0.055317
189988, 0.035320, 0.057066, 0.035896
173725, 0.031323, 0.059315, 0.032359
424481, 0.080431, 0.066457, 0.085931
487010, 0.095810, 0.069194, 0.101291
275768, 0.054076, 0.091072, 0.054071
242925, 0.045026, 0.052037, 0.049535
6317, 0.000843, 0.033674, 0.000888
313856, 0.060961, 0.056328, 0.062948
105213, 0.018798, 0.558566, 0.019509
994730, 0.209235, 0.082829, 0.211951
191425, 0.034485, 0.070228, 0.039904
280940, 0.053608, 0.058580, 0.054539
598845, 0.116913, 0.072703, 0.123052
600006, 0.120019, 0.076708, 0.125299
52996, 0.008536, 0.060497, 0.009417
37021, 0.006006, 0.058632, 0.006247
833518, 0.177709, 0.066157, 0.187693
793509, 0.168521, 0.082975, 0.166193
745761, 0.159305, 0.078149, 0.168070
538232, 0.107345, 0.062386, 0.118527
715107, 0.149880, 0.082005, 0.159591
126792, 0.022628, 0.087182, 0.025679
472745, 0.093435, 0.060215, 0.102356
772334, 0.163418, 0.092315, 0.173749
49377, 0.008142, 0.055433, 0.008557
329437, 0.067230, 0.060361, 0.064825
649420, 0.128742, 0.067333, 0.138636
339970, 0.081244, 0.076065, 0.075112
685230, 0.139405, 0.068776, 0.148040
349809, 0.067867, 0.061767, 0.074900
272816, 0.052934, 0.070045, 0.053278
782754, 0.160192, 0.079483, 0.168688
664235, 0.133009, 0.069555, 0.140219
226749, 0.042783, 0.059705, 0.043211
554150, 0.111434, 0.069642, 0.115141
133731, 0.024021, 0.077894, 0.026647
871864, 0.178467, 0.085335, 0.192497
553778, 0.112369, 0.081155, 0.116956
444053, 0.088469, 0.062055, 0.090849
657963, 0.134080, 0.066694, 0.142455
651835, 0.134039, 0.059217, 0.145215
71220, 0.012277, 0.046748, 0.012644
92626, 0.016517, 0.043548, 0.016534
400749, 0.076947, 0.073445, 0.082039
962533, 0.203964, 0.084144, 0.213979
714660, 0.146518, 0.068375, 0.152051
731666, 0.147084, 0.072578, 0.161000
208633, 0.037393, 0.055072, 0.042153
454430, 0.093214, 0.068966, 0.090804
419033, 0.081942, 0.067522, 0.086683
919483, 0.197480, 0.072072, 0.205021
413677, 0.079357, 0.082001, 0.090077
306842, 0.058079, 0.056311, 0.062467
649128, 0.131931, 0.071231, 0.142659
981047, 0.203627, 0.081795, 0.209762
136791, 0.024790, 0.082859, 0.028683
342079, 0.065726, 0.061882, 0.069058
740457, 0.147793, 0.065544, 0.164748
248749, 0.047188, 0.050212, 0.048566
781827, 0.158135, 0.074558, 0.173318
528481, 0.103380, 0.069149, 0.114248
827489, 0.173382, 0.077133, 0.182219
751629, 0.151352, 0.080267, 0.159660
152520, 0.029726, 0.079237, 0.028444
593522, 0.117038, 0.087350, 0.122158
11459, 0.001712, 0.053388, 0.001692
870207, 0.182871, 0.087236, 0.185538
412479, 0.080024, 0.074043, 0.083475
110823, 0.019320, 0.024804, 0.020424
924501, 0.194039, 0.099059, 0.212779
999247, 0.208688, 0.072558, 0.216281
272836, 0.051058, 0.072086, 0.054229
692397, 0.140097, 0.077528, 0.155622
486937, 0.095642, 0.078607, 0.099758
73318, 0.012824, 0.070054, 0.014607
276041, 0.055123, 0.071277, 0.053812
892837, 0.179670, 0.076592, 0.198387
245021, 0.045396, 0.065011, 0.047322
613696, 0.123875, 0.069951, 0.140132
184268, 0.034228, 0.075920, 0.037412
429782, 0.088077, 0.069074, 0.088198
127305, 0.023161, 0.059939, 0.024807
387927, 0.081953, 0.068616, 0.078868
349617, 0.067794, 0.064741, 0.070297
54205, 0.008874, 0.058631, 0.009224
465950, 0.094749, 0.072066, 0.100544
496343, 0.096312, 0.079198, 0.101934
82062, 0.014326, 0.063877, 0.015796
455827, 0.094600, 0.068601, 0.093092
349503, 0.067972, 0.065364, 0.069003
851649, 0.172684, 0.088171, 0.179720
15159, 0.002193, 0.053107, 0.002349
111296, 0.019496, 0.075611, 0.021537
854164, 0.177217, 0.079091, 0.182168
182322, 0.032922, 0.070483, 0.037602
110038, 0.020674, 0.064921, 0.020422
594984, 0.122350, 0.087311, 0.126969
907518, 0.183092, 0.097393, 0.196062
516109, 0.102211, 0.067959, 0.112698
64268, 0.010908, 0.036479, 0.011311
521021, 0.104514, 0.061998, 0.124977
934737, 0.193377, 0.091986, 0.203890
549079, 0.108760, 0.068369, 0.113057
725613, 0.147618, 0.070155, 0.152771
498730, 0.099840, 0.078253, 0.107713
608185, 0.120364, 0.066392, 0.131781
77394, 0.013271, 0.065710, 0.013745
440293, 0.087096, 0.069270, 0.098448
775788, 0.159557, 0.070095, 0.173096
326924, 0.062359, 0.051553, 0.065448
526418, 0.104658, 0.088979, 0.108145
938463, 0.193777, 0.074637, 0.206938
807651, 0.164842, 0.084685, 0.172786
463835, 0.093253, 0.083413, 0.094719
570424, 0.113001, 0.063742, 0.129982
443400, 0.085520, 0.071798, 0.089403
166211, 0.030072, 0.099181, 0.032970
985547, 0.208361, 0.090673, 0.218484
248120, 0.045173, 0.063020, 0.050870
382215, 0.075641, 0.047085, 0.075788
183324, 0.032817, 0.071029, 0.037367
578728, 0.120923, 0.078292, 0.129121
741788, 0.163677, 0.069178, 0.162291
16248, 0.002444, 0.025768, 0.002625
456956, 0.096927, 0.054060, 0.094725
672671, 0.137561, 0.081032, 0.151167
66982, 0.011515, 0.051116, 0.011803
920897, 0.192129, 0.071541, 0.206035
643220, 0.128683, 0.071391, 0.133848
530949, 0.104949, 0.066445, 0.116762
32307, 0.005147, 0.066417, 0.005432
939, 0.000124, 0.015359, 0.000115
838843, 0.176709, 0.082563, 0.182908
970635, 0.202889, 0.077275, 0.211397
290777, 0.057708, 0.052557, 0.060802
746510, 0.151249, 0.097300, 0.159065
638983, 0.129497, 0.087492, 0.134774
726318, 0.147993, 0.077172, 0.159408
931922, 0.193998, 0.085426, 0.203706
313035, 0.059629, 0.068925, 0.062213
195378, 0.036340, 0.061939, 0.040345
554953, 0.116049, 0.063819, 0.121902
35224, 0.005649, 0.054676, 0.005786
852094, 0.172818, 0.071766, 0.180039
317739, 0.058879, 0.071884, 0.068555
729000, 0.149640, 0.057847, 0.154653
949603, 0.198699, 0.077235, 0.209195
283195, 0.053802, 0.060064, 0.058232
126435, 0.024660, 0.068089, 0.023467
120225, 0.021180, 0.049930, 0.021923
951684, 0.195027, 0.094531, 0.205328
728358, 0.152494, 0.070744, 0.154028
890507, 0.184645, 0.084114, 0.196531
506636, 0.101180, 0.071830, 0.103211
840609, 0.175946, 0.073817, 0.180561
715102, 0.148269, 0.071419, 0.152087
868789, 0.179214, 0.071174, 0.186963
357136, 0.067183, 0.064925, 0.076299
805790, 0.169562, 0.090236, 0.178791
964727, 0.207864, 0.092671, 0.211774
405254, 0.078037, 0.067585, 0.086492
714827, 0.146479, 0.062642, 0.149120
486071, 0.093973, 0.083661, 0.102253
449375, 0.086895, 0.063443, 0.091028
522692, 0.102888, 0.060580, 0.107091
991313, 0.207698, 0.095315, 0.457763
24448, 0.004936, 0.045992, 0.003916
877067, 0.388725, 0.071716, 0.299387
918260, 0.200349, 0.114178, 0.324897
553543, 0.153363, 0.115790, 0.151600
423215, 0.084893, 0.059050, 0.087804
654482, 0.132892, 0.066683, 0.135580
387892, 0.075008, 0.046693, 0.077294
935031, 0.192548, 0.085114, 0.200657
950635, 0.201150, 0.084225, 0.213339
675272, 0.134112, 0.068539, 0.141695
291983, 0.054970, 0.069380, 0.058084
491713, 0.098418, 0.065806, 0.102562
1293, 0.000146, 0.012678, 0.000181
36360, 0.005933, 0.065757, 0.006157
982130, 0.205664, 0.076007, 0.221510
208266, 0.037945, 0.056987, 0.040734
20052, 0.003161, 0.038999, 0.003212
546518, 0.109664, 0.099766, 0.119803
955124, 0.197562, 0.079500, 0.200822
884199, 0.178053, 0.103661, 0.191054
832774, 0.171059, 0.080164, 0.176100
493779, 0.099117, 0.077362, 0.100634
994016, 0.206231, 0.097377, 0.222839
855803, 0.175782, 0.076921, 0.189999
457862, 0.089699, 0.064290, 0.103089
217301, 0.041468, 0.057051, 0.043180
578793, 0.119267, 0.079159, 0.119389
356230, 0.071342, 0.089035, 0.081606
394366, 0.077501, 0.047768, 0.091961
332906, 0.065170, 0.063128, 0.066450
90259, 0.015979, 0.057957, 0.017079
83038, 0.014773, 0.068664, 0.015749
453107, 0.097774, 0.088495, 0.092577
935812, 0.197622, 0.069740, 0.199147
323461, 0.063650, 0.075218, 0.066357
982745, 0.203969, 0.086320, 0.212456
86363, 0.015199, 0.075996, 0.017121
469923, 0.102111, 0.063841, 0.096870
998444, 0.207719, 0.073496, 0.224089
290520, 0.054832, 0.061156, 0.060957
942351, 0.196067, 0.089432, 0.216515
305184, 0.059038, 0.073565, 0.066732
389076, 0.082699, 0.078698, 0.081863
128121, 0.022817, 0.036552, 0.024148
137086, 0.026024, 0.063275, 0.027271
777368, 0.163175, 0.120951, 0.175438
544775, 0.107946, 0.053846, 0.121496
448569, 0.093647, 0.093870, 0.092314
208730, 0.038185, 0.074504, 0.039691
145282, 0.026620, 0.063007, 0.028921
256449, 0.049397, 0.065049, 0.049682
220405, 0.040130, 0.052873, 0.045716
65830, 0.012801, 0.060345, 0.011879
680935, 0.142381, 0.062236, 0.147700
756737, 0.152969, 0.076290, 0.163687
932936, 0.195075, 0.073592, 0.206098
355690, 0.070779, 0.052408, 0.071380
436856, 0.088669, 0.099859, 0.099519
129873, 0.028818, 0.060479, 0.025212
758588, 0.155849, 0.079937, 0.161342
59073, 0.009710, 0.074512, 0.010456
45488, 0.007617, 0.065575, 0.008131
666922, 0.135278, 0.065303, 0.142603
107659, 0.019235, 0.070767, 0.019804
344862, 0.066128, 0.062175, 0.069678
591820, 0.119236, 0.084422, 0.130490
169603, 0.030932, 0.056567, 0.034244
516320, 0.107515, 0.068819, 0.112338
843110, 0.175355, 0.079243, 0.185843
773617, 0.161160, 0.086861, 0.163511
39039, 0.006386, 0.042503, 0.006615
101953, 0.018391, 0.038080, 0.018641
468327, 0.093997, 0.072347, 0.098030
75912, 0.013381, 0.079654, 0.013982
990259, 0.207699, 0.083438, 0.223614
583665, 0.117564, 0.062483, 0.124298
821348, 0.170655, 0.100403, 0.172011
862903, 0.176994, 0.083281, 0.184190
542736, 0.107800, 0.081331, 0.112935
906494, 0.183040, 0.072704, 0.201820
4275, 0.000539, 0.023071, 0.000597
116971, 0.021161, 0.065990, 0.021133
628292, 0.124888, 0.068061, 0.130254
813851, 0.166686, 0.071045, 0.178434
500437, 0.099715, 0.072837, 0.100911
571967, 0.114557, 0.068640, 0.128173
846794, 0.171869, 0.065175, 0.183334
658002, 0.132694, 0.061230, 0.139132
59324, 0.009934, 0.043609, 0.010574
489464, 0.111801, 0.062086, 0.100887
142534, 0.025124, 0.057343, 0.027762
552636, 0.109977, 0.070229, 0.122927
124450, 0.022563, 0.066227, 0.023633
136706, 0.024853, 0.076161, 0.026989
81690, 0.014346, 0.048222, 0.014899
861661, 0.177253, 0.085195, 0.186250
728566, 0.150597, 0.076354, 0.154649
991566, 0.209556, 0.089359, 0.214365
90237, 0.016147, 0.059498, 0.017844
570625, 0.119042, 0.075873, 0.125408
249822, 0.046633, 0.068634, 0.051264
670588, 0.137633, 0.078691, 0.144197
406583, 0.076798, 0.063528, 0.081357
717416, 0.142601, 0.069341, 0.152518
590456, 0.115690, 0.081042, 0.126210
405381, 0.079159, 0.077797, 0.082580
520386, 0.107721, 0.053143, 0.106757
81114, 0.014324, 0.061738, 0.014775
662334, 0.135342, 0.057622, 0.147280
979751, 0.206060, 0.092979, 0.220632
785804, 0.161726, 0.074810, 0.164070
2609, 0.000310, 0.023231, 0.000326
34274, 0.005602, 0.053712, 0.005681
705996, 0.149863, 0.089279, 0.154858
36928, 0.005763, 0.054103, 0.006206
24653, 0.003830, 0.036635, 0.005084
215833, 0.044090, 0.069299, 0.041630
903590, 0.187083, 0.090026, 0.200367
701070, 0.142903, 0.081803, 0.145103
411269, 0.081849, 0.058861, 0.084113
12558, 0.001826, 0.047860, 0.001967
408275, 0.079887, 0.085026, 0.087655
361724, 0.071665, 0.070896, 0.076182
873216, 0.179615, 0.090706, 0.191893
133930, 0.023848, 0.064018, 0.026194
215977, 0.043662, 0.072976, 0.041572
149357, 0.027821, 0.039481, 0.027714
551445, 0.108840, 0.064660, 0.117740
837170, 0.172575, 0.068516, 0.180890
997503, 0.208808, 0.087868, 0.214886
168983, 0.030902, 0.070879, 0.034393
425174, 0.089082, 0.066893, 0.084819
982662, 0.202006, 0.080362, 0.210783
631695, 0.131191, 0.074778, 0.131770
407896, 0.078393, 0.056371, 0.081232
761952, 0.153301, 0.078823, 0.160947
987862, 0.205554, 0.085423, 0.219045
755545, 0.152844, 0.077101, 0.171450
46616, 0.007507, 0.056916, 0.007821
569760, 0.120208, 0.065516, 0.118527
571021, 0.116817, 0.073733, 0.119133
148134, 0.026686, 0.052576, 0.029226
38682, 0.006334, 0.043363, 0.006495
911973, 0.193722, 0.078666, 0.200833
142948, 0.025360, 0.054011, 0.026866
125871, 0.023992, 0.057891, 0.023043
333044, 0.062923, 0.067593, 0.071880
747784, 0.159149, 0.071437, 0.157126
438269, 0.086920, 0.072097, 0.093259
661364, 0.134440, 0.070772, 0.138713
941246, 0.203814, 0.088069, 0.201148
299939, 0.056823, 0.055639, 0.062110
197054, 0.035957, 0.059266, 0.037528
224387, 0.041756, 0.066438, 0.047754
790262, 0.172462, 0.068491, 0.166897
180858, 0.032890, 0.035806, 0.034560
324452, 0.063311, 0.072435, 0.069911
637056, 0.133070, 0.059978, 0.141052
868045, 0.178991, 0.090157, 0.181590
270765, 0.051645, 0.051732, 0.058138
645921, 0.133121, 0.069857, 0.137239
264671, 0.051020, 0.085111, 0.052540
185671, 0.034237, 0.061302, 0.037032
810646, 0.171956, 0.081641, 0.171608
545797, 0.109061, 0.064386, 0.114149
139252, 0.025181, 0.075399, 0.026992
173798, 0.034245, 0.073689, 0.033429
859712, 0.181775, 0.088669, 0.189879
255858, 0.048060, 0.071760, 0.062405
321886, 0.207026, 0.058894, 0.358942
846325, 0.221064, 0.120344, 0.237862
808633, 0.242322, 0.110375, 0.284686
690660, 0.139904, 0.083753, 0.850142
645678, 0.198451, 0.097425, 0.371805
115256, 0.026977, 0.065848, 0.022558
960215, 0.225513, 0.090512, 0.414646
975280, 0.277046, 0.107443, 0.259977
118231, 0.028298, 0.065142, 0.026376
59254, 0.011229, 0.054979, 0.010410
258679, 0.056923, 0.075483, 0.058443
669106, 0.139431, 0.083531, 0.143517
872455, 0.178304, 0.086252, 0.185754
337317, 0.063543, 0.071078, 0.068238
65901, 0.011264, 0.049488, 0.011441
414147, 0.079582, 0.059422, 0.083102
499143, 0.099979, 0.063766, 0.104764
367440, 0.075342, 0.061053, 0.077718
888971, 0.182811, 0.105804, 0.193144
340495, 0.064855, 0.075477, 0.067678
785438, 0.164710, 0.086611, 0.171775
866905, 0.177320, 0.091659, 0.197502
790989, 0.163858, 0.070860, 0.173428
438605, 0.086275, 0.069079, 0.088914
893138, 0.190075, 0.077453, 0.192799
890491, 0.189788, 0.078946, 0.191260
866437, 0.184263, 0.091789, 0.194856
7679, 0.001032, 0.052997, 0.001199
810710, 0.178286, 0.092885, 0.181761
523226, 0.107938, 0.068044, 0.116036
774101, 0.166393, 0.083060, 0.166995
801334, 0.167912, 0.084362, 0.175888
472244, 0.093050, 0.060288, 0.098301
205871, 0.038205, 0.083875, 0.040570
356316, 0.069642, 0.071013, 0.074346
560880, 0.113791, 0.740224, 0.120755
701934, 0.147621, 0.074007, 0.151040
805931, 0.163215, 0.079596, 0.176922
69005, 0.011968, 0.053328, 0.012567
849284, 0.179116, 0.078061, 0.182612
887495, 0.185761, 0.097148, 0.191828
927442, 0.196803, 0.081024, 0.199855
837547, 0.183452, 0.082366, 0.183920
152324, 0.028235, 0.072037, 0.031659
907347, 0.195599, 0.077159, 0.198015
740410, 0.150099, 0.066667, 0.162019
586134, 0.119313, 0.070548, 0.127677
394925, 0.076753, 0.063460, 0.079661
423437, 0.083887, 0.081364, 0.086506
498725, 0.098207, 0.074611, 0.103796
858956, 0.212152, 0.099608, 0.210827
392441, 0.077814, 0.057171, 0.083331
23793, 0.003688, 0.047818, 0.003741
473546, 0.091533, 0.066607, 0.097351
566291, 0.115401, 0.076202, 0.124474
285576, 0.055432, 0.061568, 0.056917
13537, 0.001988, 0.071912, 0.002140
30088, 0.004911, 0.054150, 0.005086
360723, 0.076536, 0.073195, 0.074248
782279, 0.156214, 0.074091, 0.169566
669766, 0.132656, 0.067846, 0.148254
317791, 0.060371, 0.058650, 0.064291
542556, 0.109436, 0.067301, 0.113168
660631, 0.136804, 0.090719, 0.142638
569210, 0.120356, 0.049916, 0.122283
827008, 0.170342, 0.069150, 0.181325
252685, 0.046994, 0.070551, 0.051651
563646, 0.116872, 0.076385, 0.121422
555910, 0.112381, 0.069977, 0.114325
630050, 0.129200, 0.070513, 0.137216
703899, 0.141485, 0.069659, 0.151780
25439, 0.003854, 0.046035, 0.004195
375867, 0.078085, 0.064594, 0.081199
291871, 0.054417, 0.066066, 0.063518
110923, 0.021139, 0.058812, 0.021810
857758, 0.180213, 0.085825, 0.183552
461868, 0.090815, 0.053996, 0.095306
176936, 0.032589, 0.052003, 0.036115
77212, 0.014068, 0.062891, 0.014869
683005, 0.142745, 0.079666, 0.150723
675276, 0.138009, 0.066187, 0.147256
427252, 0.084221, 0.080188, 0.092000
343452, 0.067296, 0.066321, 0.070922
366784, 0.069094, 0.073968, 0.073944
809109, 0.169998, 0.073344, 0.172327
995063, 0.203323, 0.079791, 0.220636
596737, 0.121283, 0.070601, 0.127388
800039, 0.161063, 0.072776, 0.178157
476776, 0.094377, 0.063959, 0.097495
408659, 0.082554, 0.074227, 0.089789
705819, 0.144865, 0.077994, 0.145680
316982, 0.061021, 0.073238, 0.068688
17727, 0.002550, 0.053720, 0.002849
662601, 0.140595, 0.083654, 0.146286
549898, 0.110876, 0.057769, 0.113120
959531, 0.199839, 0.083228, 0.207629
603749, 0.121822, 0.067959, 0.124803
861693, 0.177886, 0.076759, 0.190558
923451, 0.190483, 0.073481, 0.197736
699701, 0.144938, 0.073719, 0.153981
169163, 0.032032, 0.059329, 0.031959
470363, 0.091458, 0.048850, 0.101650
557865, 0.110711, 0.047385, 0.119442
255541, 0.048436, 0.083394, 0.056198
80948, 0.014231, 0.057946, 0.014428
132258, 0.022949, 0.059964, 0.026936
914118, 0.189679, 0.092905, 0.202745
694163, 0.143096, 0.083085, 0.146804
310163, 0.059389, 0.066103, 0.066636
2417, 0.000280, 0.025900, 0.000302
829218, 0.174168, 0.085477, 0.184186
752448, 0.156173, 0.071718, 0.159728
391038, 0.075010, 0.064355, 0.094046
474174, 0.096260, 0.056296, 0.101168
605537, 0.121856, 0.076241, 0.125056
890977, 0.183434, 0.073320, 0.195890
244109, 0.046262, 0.051486, 0.047059
377280, 0.072063, 0.072148, 0.080650
121850, 0.021114, 0.053567, 0.022587
759799, 0.153052, 0.062536, 0.160372
425385, 0.086418, 0.060914, 0.085526
389312, 0.079996, 0.054164, 0.083884
662118, 0.132533, 0.067010, 0.138401
87730, 0.015213, 0.043243, 0.015549
849960, 0.173128, 0.085792, 0.185521
920707, 0.188052, 0.086220, 0.196948
973894, 0.202514, 0.083320, 0.207177
168969, 0.030287, 0.069113, 0.032191
289342, 0.057282, 0.076733, 0.057318
946628, 0.200378, 0.069284, 0.203742
438366, 0.085607, 0.064530, 0.088597
831227, 0.175914, 0.077380, 0.175028
304864, 0.057570, 0.092238, 0.067034
418365, 0.083549, 0.083127, 0.088135
498009, 0.099260, 0.057067, 0.101454
571788, 0.113822, 0.066530, 0.123034
212892, 0.039705, 0.048899, 0.041343
149523, 0.026934, 0.038235, 0.027842
327658, 0.063268, 0.052250, 0.073038
470387, 0.093726, 0.058827, 0.103816
108532, 0.019201, 0.062666, 0.019918
317375, 0.062595, 0.064534, 0.063385
701572, 0.147000, 0.068331, 0.152312
691694, 0.138310, 0.060634, 0.148446
291327, 0.055488, 0.073627, 0.058338
731473, 0.146861, 0.076866, 0.163715
228996, 0.042379, 0.051518, 0.044464
361836, 0.070677, 0.074899, 0.076054
107244, 0.020786, 0.066400, 0.020836
400625, 0.081595, 0.040361, 0.079900
952093, 0.199793, 0.081332, 0.205851
652509, 0.131197, 0.065297, 0.140741
74530, 0.012380, 0.070766, 0.013761
955680, 0.212546, 0.083646, 0.207917
599689, 0.117718, 0.080968, 0.131437
167058, 0.029713, 0.074005, 0.034072
740102, 0.151697, 0.083995, 0.156092
24457, 0.003717, 0.048908, 0.003904
396717, 0.077000, 0.073026, 0.080494
660561, 0.130855, 0.070729, 0.142109
307883, 0.057611, 0.060684, 0.065865
838067, 0.175246, 0.073571, 0.192541
531892, 0.107172, 0.065546, 0.117834
574324, 0.113090, 0.103146, 0.127797
195772, 0.036463, 0.077793, 0.040619
860015, 0.188035, 0.093743, 0.198898
875118, 0.192591, 0.086768, 0.196028
231598, 0.043715, 0.046873, 0.045571
960336, 0.202032, 0.106883, 0.214585
19885, 0.003180, 0.084799, 0.003333
608797, 0.146677, 0.072819, 0.135490
855262, 0.178771, 0.095314, 0.185730
501691, 0.101367, 0.096862, 0.108155
323242, 0.063566, 0.055940, 0.064149
995770, 0.205528, 0.092282, 0.225055
228379, 0.043526, 0.076055, 0.045297
567593, 0.115482, 0.085192, 0.119829
392038, 0.076699, 0.058952, 0.082775
543575, 0.106648, 0.063579, 0.117022
449181, 0.088055, 0.064871, 0.091364
966864, 0.208971, 0.095352, 0.214933
457439, 0.088658, 0.076434, 0.097321
808315, 0.174041, 0.094369, 0.191269
31429, 0.005208, 0.079410, 0.005320
761081, 0.160884, 0.075891, 0.161440
111021, 0.019283, 0.053427, 0.020932
484577, 0.097719, 0.076600, 0.098714
654249, 0.130497, 0.083458, 0.141584
364314, 0.070144, 0.068756, 0.074251
951235, 0.199171, 0.088196, 0.318750
154556, 0.058841, 0.063051, 0.095000
812032, 0.827628, 0.099179, 0.937085
915608, 0.554425, 0.099030, 0.234658
257929, 0.049424, 0.080037, 0.052298
830404, 0.170771, 0.086409, 0.184422
538530, 0.108490, 0.067699, 0.116221
980902, 0.206199, 0.078791, 0.216521
587354, 0.118887, 0.062197, 0.121924
25129, 0.003866, 0.062956, 0.004004
998963, 0.208822, 0.078438, 0.227548
911509, 0.193890, 0.077064, 0.199389
3629, 0.000485, 0.033435, 0.000496
199460, 0.037541, 0.085087, 0.039527
5719, 0.000770, 0.039499, 0.000791
107009, 0.020527, 0.048506, 0.020306
929606, 0.195630, 0.072325, 0.204091
644244, 0.129255, 0.078426, 0.135483
145370, 0.026016, 0.074088, 0.027225
344030, 0.066985, 0.068743, 0.074419
60273, 0.010449, 0.067324, 0.010951
124297, 0.023647, 0.081606, 0.026294
918382, 0.198010, 0.078745, 0.201561
858999, 0.179131, 0.073425, 0.191781
766806, 0.155246, 0.074704, 0.165396
577708, 0.114019, 0.087961, 0.121550
676071, 0.137000, 0.083852, 0.141896
370564, 0.072539, 0.060276, 0.080260
958005, 0.197237, 0.084762, 0.218053
291920, 0.055510, 0.049576, 0.057850
130174, 0.023145, 0.067483, 0.026369
241448, 0.052387, 0.064283, 0.050368
727884, 0.146824, 0.082291, 0.153526
532913, 0.104560, 0.080233, 0.108358
404484, 0.077121, 0.055209, 0.081059
671614, 0.134501, 0.074806, 0.147214
112487, 0.019625, 0.041614, 0.021584
945864, 0.194443, 0.080638, 0.205034
19417, 0.002998, 0.063173, 0.003126
285009, 0.055700, 0.056282, 0.059721
304923, 0.063041, 0.056675, 0.060699
581083, 0.114494, 0.080744, 0.122156
210701, 0.039144, 0.055037, 0.040225
901926, 0.185617, 0.085600, 0.198019
88145, 0.015196, 0.076695, 0.016467
738530, 0.149940, 0.079870, 0.156121
126106, 0.022313, 0.072029, 0.024281
281813, 0.059849, 0.055023, 0.059340
47885, 0.008324, 0.058439, 0.008350
722246, 0.154246, 0.063640, 0.158648
541559, 0.109864, 0.080308, 0.117162
723654, 0.144797, 0.092145, 0.158803
352763, 0.067479, 0.081592, 0.075796
165950, 0.030922, 0.066833, 0.031017
567003, 0.114615, 0.072586, 0.125300
421552, 0.082160, 0.073708, 0.086865
692892, 0.146974, 0.079388, 0.149303
194067, 0.036043, 0.068980, 0.037836
565592, 0.112000, 0.070822, 0.117409
395064, 0.079985, 0.090531, 0.083814
709315, 0.143575, 0.072735, 0.147642
634174, 0.126455, 0.062288, 0.133179
707329, 0.142501, 0.062458, 0.153156
607331, 0.123111, 0.069559, 0.131936
397836, 0.082299, 0.080390, 0.080081
721760, 0.144714, 0.083168, 0.158550
658202, 0.131465, 0.074491, 0.137994
717860, 0.145752, 0.084439, 0.150058
752927, 0.151908, 0.075622, 0.169134
736995, 0.148924, 0.071692, 0.159130
652004, 0.135857, 0.063665, 0.140452
276273, 0.050932, 0.057754, 0.053531
33321, 0.005190, 0.058706, 0.005577
180900, 0.034341, 0.052260, 0.034295
556521, 0.110247, 0.069308, 0.122180
560802, 0.113848, 0.070306, 0.114717
666353, 0.140462, 0.069468, 0.142780
955354, 0.196303, 0.088973, 0.209912
999661, 0.208271, 0.096361, 0.216099
769825, 0.159703, 0.095385, 0.162038
231702, 0.043628, 0.064285, 0.048312
590406, 0.121015, 0.080034, 0.126992
928307, 0.262060, 0.086303, 0.205157
92906, 0.016351, 0.057209, 0.016604
76376, 0.013568, 0.079282, 0.014575
199274, 0.038391, 0.039810, 0.039657
572674, 0.127106, 0.067615, 0.121313
802055, 0.164250, 0.071837, 0.174378
282756, 0.053648, 0.073060, 0.058315
679589, 0.142005, 0.073899, 0.146978
42079, 0.006677, 0.065468, 0.007219
784471, 0.165151, 0.071433, 0.171998
808773, 0.174055, 0.080593, 0.177976
559796, 0.112383, 0.066228, 0.117330
286717, 0.054623, 0.063404, 0.060377
770809, 0.160528, 0.081230, 0.161967
242643, 0.045614, 0.047897, 0.047014
243729, 0.047162, 0.088616, 0.051210
531115, 0.103484, 0.071901, 0.113832
654097, 0.133955, 0.079496, 0.141980
386035, 0.075489, 0.072443, 0.078878
210499, 0.038404, 0.060677, 0.044299
789719, 0.161505, 0.078877, 0.170822
864097, 0.174638, 0.077806, 0.192189
530103, 0.109133, 0.060992, 0.113648
135296, 0.024598, 0.065821, 0.027609
928574, 0.197021, 0.075218, 0.198513
829430, 0.173263, 0.066323, 0.174858
412302, 0.078892, 0.088807, 0.087958
33108, 0.005324, 0.057756, 0.005537
147261, 0.026297, 0.060048, 0.028137
124722, 0.022614, 0.068719, 0.022714
143815, 0.025529, 0.075667, 0.027240
641462, 0.128932, 0.066431, 0.135258
768480, 0.157122, 0.062507, 0.161993
769908, 0.156221, 0.081373, 0.169758
623563, 0.125658, 0.091270, 0.136972
450308, 0.089211, 0.081019, 0.099558
72906, 0.012505, 0.058478, 0.012607
617754, 0.122560, 0.072180, 0.134592
390072, 0.077765, 0.067117, 0.078908
504686, 0.098462, 0.085825, 0.104267
882364, 0.183019, 0.076816, 0.199204
225878, 0.043144, 0.065394, 0.043539
565905, 0.112511, 0.073312, 0.118701
810798, 0.169465, 0.077631, 0.174194
906298, 0.188175, 0.082697, 0.195541
171951, 0.031404, 0.063693, 0.033453
856432, 0.180154, 0.079950, 0.183884
496874, 0.098141, 0.067792, 0.101348
202962, 0.037057, 0.086042, 0.041783
287177, 0.054031, 0.040607, 0.057035
89327, 0.015770, 0.072098, 0.015977
808683, 0.165010, 0.108602, 0.177219
785928, 0.160800, 0.084593, 0.174987
407753, 0.082153, 0.082724, 0.082247
947897, 0.192122, 0.097484, 0.206077
721899, 0.144845, 0.074278, 0.153768
373229, 0.071750, 0.066430, 0.081617
146093, 0.025779, 0.069987, 0.028584
891280, 0.184088, 0.076376, 0.196644
63403, 0.010613, 0.063698, 0.010799
674527, 0.136502, 0.081846, 0.139479
832466, 0.172454, 0.077110, 0.175885
853639, 0.178103, 0.083840, 0.181963
874601, 0.181229, 0.087414, 0.196512
286884, 0.054497, 0.083885, 0.059325
730825, 0.147496, 0.076693, 0.157092
280797, 0.052273, 0.051711, 0.059626
182004, 0.035270, 0.071795, 0.037751
558255, 0.111321, 0.068425, 0.119981
92870, 0.016373, 0.054871, 0.016801
489190, 0.099816, 0.063271, 0.100507
991373, 0.205707, 0.075138, 0.214277
891482, 0.185287, 0.083475, 0.189771
934688, 0.201887, 0.095979, 0.208801
947194, 0.195436, 0.085266, 0.208606
832336, 0.166625, 0.085971, 0.185300
481126, 0.093397, 0.073214, 0.104374
191747, 0.035281, 0.069421, 0.039516
612404, 0.128505, 0.076219, 0.131768
694902, 0.141225, 0.072417, 0.151763
703640, 0.141183, 0.072225, 0.153842
988027, 0.208889, 0.085376, 0.221615
686346, 0.139631, 0.071402, 0.143405
825798, 0.171684, 0.072740, 0.173235
165353, 0.029966, 0.080239, 0.033765
141098, 0.026688, 0.059964, 0.026523
400160, 0.077452, 0.066093, 0.084493
910037, 0.189580, 0.087116, 0.204331
830020, 0.170077, 0.076313, 0.177328
520712, 0.105955, 0.063028, 0.107090
741285, 0.150526, 0.074052, 0.156102
618116, 0.128678, 0.066773, 0.128396
312317, 0.059652, 0.084924, 0.066004
984049, 0.207806, 0.076307, 0.219025
53752, 0.009222, 0.061331, 0.009398
27582, 0.004362, 0.042115, 0.004430
671483, 0.142454, 0.086781, 0.154091
938414, 0.191032, 0.076549, 0.204481
47855, 0.007800, 0.051976, 0.008295
129368, 0.023469, 0.049058, 0.024869
431745, 0.084123, 0.060045, 0.092072
407784, 0.077461, 0.072088, 0.088297
93817, 0.016157, 0.063453, 0.016789
363878, 0.073809, 0.076583, 0.196787
339892, 0.090265, 0.112464, 0.258569
813209, 0.300998, 0.069513, 0.212057
626166, 0.125470, 0.070596, 0.139656
165822, 0.033559, 0.050972, 0.032946
60324, 0.010398, 0.031935, 0.011287
214982, 0.040806, 0.056625, 0.042526
465351, 0.091372, 0.084226, 0.148512
858375, 0.326074, 0.093922, 0.926648
200035, 0.053668, 0.060426, 0.062342
216920, 0.070116, 0.086393, 0.063121
125959, 0.033132, 0.072183, 0.034144
808367, 0.346938, 0.083312, 0.267914
804522, 0.184214, 0.070818, 0.197710
682198, 0.151514, 0.060895, 0.159278
890721, 0.184922, 0.080698, 0.198535
232401, 0.047410, 0.055523, 0.045608
235525, 0.044261, 0.053366, 0.049058
997515, 0.204981, 0.079811, 0.221385
631111, 0.129562, 0.073943, 0.133109
338054, 0.064322, 0.064444, 0.069097
987518, 0.208854, 0.099681, 0.221593
613341, 0.124066, 0.051890, 0.134958
720164, 0.146838, 0.088632, 0.156858
931498, 0.194787, 0.081690, 0.208207
95087, 0.016444, 0.065512, 0.017525
827442, 0.170153, 0.080346, 0.181903
682273, 0.139809, 0.072168, 0.148909
22251, 0.003329, 0.049951, 0.003667
940112, 0.204834, 0.077957, 0.205621
34077, 0.005349, 0.055738, 0.005560
886855, 0.181472, 0.087981, 0.194230
224536, 0.041052, 0.059857, 0.042850
189499, 0.034608, 0.065301, 0.039082
376362, 0.081228, 0.071040, 0.075650
951072, 0.198454, 0.075692, 0.205586
50682, 0.008423, 0.054270, 0.008679
239649, 0.048543, 0.069302, 0.052904
383240, 0.080059, 0.064636, 0.077025
336447, 0.066691, 0.068563, 0.068239
393788, 0.079169, 0.056051, 0.079821
233444, 0.043278, 0.064821, 0.055455
554411, 0.118753, 0.057134, 0.124404
191650, 0.034766, 0.054318, 0.036762
636438, 0.128857, 0.052233, 0.133964
956474, 0.199196, 0.074643, 0.210751
769841, 0.155614, 0.077272, 0.176893
181589, 0.032498, 0.060743, 0.038822
272267, 0.052520, 0.060511, 0.054237
182671, 0.033597, 0.047873, 0.035039
925920, 0.199621, 0.070697, 0.200049
805911, 0.164087, 0.070483, 0.178009
724462, 0.143708, 0.071231, 0.154167
570353, 0.111698, 0.066132, 0.116978
411686, 0.081013, 0.071620, 0.084371
371782, 0.072070, 0.065661, 0.073887
116207, 0.021049, 0.078677, 0.024515
142522, 0.028042, 0.058192, 0.027999
199416, 0.040585, 0.076426, 0.042327
770595, 0.158188, 0.084548, 0.163976
217763, 0.041294, 0.061578, 0.047269
609484, 0.127613, 0.074253, 0.130864
835033, 0.170619, 0.067146, 0.177478
164626, 0.030102, 0.056129, 0.031507
424279, 0.084353, 0.064957, 0.088947
453558, 0.091174, 0.058884, 0.092135
8326, 0.001214, 0.029026, 0.001209
863004, 0.179716, 0.088624, 0.186071
923181, 0.197719, 0.087830, 0.197695
500463, 0.106901, 0.076481, 0.111113
755322, 0.152084, 0.075130, 0.159618
20414, 0.003100, 0.043284, 0.003243
423742, 0.085421, 0.070751, 0.092250
444352, 0.088763, 0.062440, 0.100869
539625, 0.107408, 0.071271, 0.112183
597191, 0.118443, 0.064061, 0.129801
134674, 0.023785, 0.079799, 0.026556
933055, 0.194257, 0.083107, 0.199900
827199, 0.175456, 0.093594, 0.174753
879305, 0.181637, 0.079127, 0.189356
485475, 0.095237, 0.075879, 0.098679
8768, 0.001207, 0.038174, 0.001307
988555, 0.206918, 0.088689, 0.214083
662015, 0.133749, 0.076838, 0.137148
875836, 0.180079, 0.077047, 0.190572
47059, 0.007746, 0.059516, 0.008049
316920, 0.060069, 0.073417, 0.062806
297903, 0.056061, 0.049186, 0.062771
3468, 0.000434, 0.033127, 0.000477
554619, 0.120416, 0.058106, 0.116583
436168, 0.089460, 0.712472, 0.087518
122167, 0.022036, 0.066477, 0.022738
666347, 0.138155, 0.077407, 0.139414
12382, 0.001766, 0.035994, 0.001825
45953, 0.007538, 0.045569, 0.007978
798854, 0.165910, 0.082021, 0.167888
625984, 0.129514, 0.079946, 0.137656
875101, 0.184144, 0.067149, 0.187719
248419, 0.047376, 0.049865, 0.052034
418554, 0.083906, 0.077781, 0.085788
505169, 0.099951, 0.083825, 0.108995
367920, 0.070550, 0.052574, 0.079870
989092, 0.202507, 0.080187, 0.218620
460703, 0.091578, 0.061948, 0.092436
43509, 0.006890, 0.049720, 0.007278
295861, 0.055222, 0.076993, 0.061310
191411, 0.034898, 0.087894, 0.040412
649062, 0.128007, 0.078502, 0.134606
149663, 0.026523, 0.066891, 0.028168
458579, 0.089655, 0.053612, 0.099877
308248, 0.058100, 0.057057, 0.067416
511828, 0.103961, 0.054065, 0.103246
300275, 0.056716, 0.068152, 0.059511
634466, 0.126404, 0.079755, 0.141871
188487, 0.033710, 0.065798, 0.039329
279938, 0.055185, 0.052727, 0.057649
623060, 0.127535, 0.066069, 0.131401
956250, 0.202827, 0.079678, 0.216318
23244, 0.003541, 0.034656, 0.003789
579904, 0.118459, 0.060387, 0.127365
13231, 0.002034, 0.046908, 0.002003
328238, 0.063376, 0.063308, 0.065869
180603, 0.033517, 0.078323, 0.036260
910257, 0.191140, 0.075992, 0.198794
50265, 0.008294, 0.088579, 0.008615
180944, 0.035956, 0.075570, 0.037377
880921, 0.183889, 0.084729, 0.199762
294773, 0.059894, 0.052803, 0.058217
768989, 0.164766, 0.072681, 0.172503
308563, 0.060187, 0.148262, 0.068990
301876, 0.057667, 0.060029, 0.066435
720926, 0.195815, 0.074499, 0.152056
375274, 0.073076, 0.064257, 0.074350
853652, 0.174121, 0.067545, 0.188051
740592, 0.150672, 0.073175, 0.153846
934274, 0.203503, 0.072008, 0.203786
508884, 0.098879, 0.064706, 0.105127
592927, 0.119286, 0.069298, 0.129138
899116, 0.183799, 0.079623, 0.200888
943878, 0.198482, 0.065166, 0.210504
206556, 0.037225, 0.052061, 0.040508
288654, 0.056033, 0.085327, 0.059680
247967, 0.045745, 0.064898, 0.048090
636346, 0.143289, 0.118682, 0.458907
984609, 0.212404, 0.108657, 0.220691
76581, 0.012986, 0.072338, 0.013968
566136, 0.113509, 0.063746, 0.163347
384984, 0.104195, 0.076226, 0.090387
999093, 0.260106, 0.078093, 0.225116
205084, 0.037768, 0.078980, 0.039181
656108, 0.133371, 0.110314, 0.171100
841741, 0.179063, 0.089260, 0.178606
375896, 0.094732, 0.060059, 0.080509
77134, 0.013033, 0.070877, 0.014814
64395, 0.011440, 0.061496, 0.011669
83134, 0.014887, 0.043940, 0.015673
371226, 0.074092, 0.084870, 0.086130
56646, 0.009638, 0.071045, 0.009988
971755, 0.205826, 0.089157, 0.258899
128049, 0.022797, 0.057149, 0.024615
567899, 0.115847, 0.074080, 0.126512
955895, 0.198064, 0.079981, 0.234809
336720, 0.067804, 0.061193, 0.067886
867830, 0.180413, 0.095703, 0.185779
816004, 0.166117, 0.086348, 0.178833
526573, 0.109529, 0.060792, 0.112299
243830, 0.046724, 0.047781, 0.049499
239616, 0.048121, 0.071715, 0.046731
332942, 0.063741, 0.054479, 0.071484
299260, 0.060772, 0.071159, 0.059301
594066, 0.121376, 0.079471, 0.130013
143479, 0.025709, 0.058330, 0.027809
41410, 0.006793, 0.052551, 0.007389
203563, 0.037973, 0.062035, 0.039543
428081, 0.083081, 0.059510, 0.093826
892016, 0.182491, 0.096558, 0.194927
507542, 0.101156, 0.077683, 0.104063
562574, 0.113521, 0.082206, 0.123840
216242, 0.040926, 0.050271, 0.044362
666111, 0.133214, 0.072342, 0.146085
375941, 0.071221, 0.036465, 0.075685
224054, 0.041298, 0.062924, 0.043461
23547, 0.003618, 0.053274, 0.003854
553046, 0.111937, 0.060223, 0.120513
203291, 0.038047, 0.059800, 0.043843
285547, 0.057667, 0.077239, 0.056267
393519, 0.079802, 0.045793, 0.080737
625480, 0.128384, 0.082790, 0.131002
109733, 0.019190, 0.064641, 0.020457
954030, 0.198709, 0.075642, 0.210112
738115, 0.151339, 0.066310, 0.153234
403606, 0.078431, 0.059016, 0.085792
642391, 0.128919, 0.069048, 0.133161
218645, 0.041530, 0.064946, 0.041783
346526, 0.067769, 0.068926, 0.074651
184041, 0.033627, 0.063037, 0.035092
275623, 0.051596, 0.064805, 0.057446
542333, 0.106457, 0.051188, 0.121310
468308, 0.093521, 0.073594, 0.097907
843473, 0.177614, 0.083819, 0.179024
793307, 0.160758, 0.091022, 0.174382
306204, 0.058998, 0.062192, 0.059566
374164, 0.074142, 0.068337, 0.075943
57062, 0.009449, 0.065841, 0.009755
169819, 0.030256, 0.080726, 0.031891
600586, 0.120321, 0.074472, 0.124531
998570, 0.205430, 0.077545, 0.217873
810230, 0.166750, 0.065662, 0.179720
188440, 0.035991, 0.070517, 0.035879
855223, 0.177962, 0.103374, 0.388308
411742, 0.101537, 0.080655, 0.101862
710591, 0.631364, 0.086084, 0.450570
426206, 0.086293, 0.073330, 0.094556
262454, 0.049813, 0.064802, 0.051504
907613, 0.186158, 0.089924, 0.195850
153067, 0.027520, 0.065226, 0.029442
444378, 0.093764, 0.075185, 0.090231
308184, 0.058963, 0.066499, 0.061415
